=========================================================================================================
MinDistance:

Testing Set A
201

CONFUSION TABLE
True class 	0 	1 	2 	3 	4 	5 	6 	7 	8 	9 	ErrorTypeI
0 		78.0 		5.0 		3.0 	3.0 	9.0 	2.0 			22.0 

1 			85.0 		9.0 	1.0 	1.0 			4.0 		15.0 

2 		20.0 		72.0 		1.0 	4.0 	2.0 	1.0 			28.0 

3 					70.0 	9.0 	5.0 	1.0 	15.0 			30.0 

4 						99.0 	1.0 					1.0 

5 						7.0 	93.0 					7.0 

6 		7.0 				15.0 	2.0 	72.0 	4.0 			28.0 

7 		7.0 			1.0 	10.0 	1.0 	13.0 	68.0 			32.0 

8 			5.0 		1.0 	5.0 	1.0 			70.0 	18.0 	30.0 

9 						5.0 				3.0 	92.0 	8.0 

ErrorTypeII 34.0 	5.0 	5.0 	11.0 	56.0 	18.0 	25.0 	22.0 	7.0 	18.0 	201.0

Testing Set B
209
CONFUSION TABLE
True class 	0 	1 	2 	3 	4 	5 	6 	7 	8 	9 	ErrorTypeI
0 		65.0 		7.0 		7.0 	1.0 	15.0 	5.0 			35.0 

1 			87.0 		4.0 	2.0 	1.0 			6.0 		13.0 

2 		17.0 		78.0 		2.0 	1.0 	2.0 				22.0 

3 					71.0 	5.0 	6.0 	1.0 	16.0 	1.0 		29.0 

4 						100.0 						0.0 

5 						9.0 	91.0 					9.0 

6 		2.0 				20.0 	4.0 	70.0 	4.0 			30.0 

7 		5.0 			1.0 	9.0 		15.0 	70.0 			30.0 

8 			11.0 			6.0 	2.0 			70.0 	11.0 	30.0 

9 						11.0 					89.0 	11.0 

ErrorTypeII 24.0 	11.0 	7.0 	5.0 	71.0 	15.0 	33.0 	25.0 	7.0 	11.0 	209.0

Testing Set C
220
CONFUSION TABLE
True class 	0 	1 	2 	3 	4 	5 	6 	7 	8 	9 	ErrorTypeI
0 		73.0 		7.0 		6.0 		6.0 	8.0 			27.0 

1 			82.0 		12.0 	1.0 				5.0 		18.0 

2 		19.0 		72.0 		2.0 	2.0 	4.0 	1.0 			28.0 

3 		1.0 			64.0 	12.0 	10.0 		11.0 	2.0 		36.0 

4 						99.0 	1.0 					1.0 

5 						13.0 	87.0 					13.0 

6 		3.0 				15.0 	3.0 	74.0 	5.0 			26.0 

7 		7.0 		1.0 	1.0 	6.0 	2.0 	7.0 	76.0 			24.0 

8 			4.0 		1.0 	5.0 				65.0 	25.0 	35.0 

9 		1.0 				8.0 				3.0 	88.0 	12.0 

ErrorTypeII 31.0 	4.0 	8.0 	14.0 	68.0 	18.0 	17.0 	25.0 	10.0 	25.0 	220.0

Testing Set D
193
CONFUSION TABLE
True class 	0 	1 	2 	3 	4 	5 	6 	7 	8 	9 	ErrorTypeI
0 		71.0 		4.0 		7.0 		9.0 	9.0 			29.0 

1 			85.0 		4.0 		1.0 			10.0 		15.0 

2 		17.0 		74.0 		1.0 	3.0 	5.0 				26.0 

3 					66.0 	13.0 	3.0 		18.0 			34.0 

4 						99.0 	1.0 					1.0 

5 						6.0 	94.0 					6.0 

6 		3.0 			1.0 	14.0 	2.0 	76.0 	4.0 			24.0 

7 		3.0 			3.0 	5.0 	2.0 	9.0 	78.0 			22.0 

8 			3.0 		1.0 	10.0 	1.0 			74.0 	11.0 	26.0 

9 						5.0 				5.0 	90.0 	10.0 

ErrorTypeII 23.0 	3.0 	4.0 	9.0 	61.0 	13.0 	23.0 	31.0 	15.0 	11.0 	193.0

IdenticalCovariance
Testing Set A
39

CONFUSION TABLE
True class 	0 	1 	2 	3 	4 	5 	6 	7 	8 	9 	ErrorTypeI
0 		97.0 		2.0 			1.0 					3.0 

1 			97.0 			3.0 						3.0 

2 		11.0 		87.0 				2.0 				13.0 

3 					95.0 	4.0 	1.0 					5.0 

4 						98.0 	2.0 					2.0 

5 						8.0 	92.0 					8.0 

6 				1.0 				99.0 				1.0 

7 		1.0 							99.0 			1.0 

8 					2.0 					98.0 		2.0 

9 						1.0 					99.0 	1.0 

ErrorTypeII 12.0 	0.0 	3.0 	2.0 	16.0 	4.0 	2.0 	0.0 	0.0 	0.0 	39.0
Testing Set B
40

CONFUSION TABLE
True class 	0 	1 	2 	3 	4 	5 	6 	7 	8 	9 	ErrorTypeI
0 		95.0 		2.0 		1.0 	2.0 					5.0 

1 			99.0 			1.0 						1.0 

2 		9.0 		84.0 	1.0 		1.0 	5.0 				16.0 

3 					96.0 	3.0 	1.0 					4.0 

4 						100.0 						0.0 

5 						5.0 	95.0 					5.0 

6 		2.0 						98.0 				2.0 

7 								1.0 	99.0 			1.0 

8 			1.0 		1.0 	3.0 				95.0 		5.0 

9 						1.0 					99.0 	1.0 

ErrorTypeII 11.0 	1.0 	2.0 	2.0 	14.0 	4.0 	6.0 	0.0 	0.0 	0.0 	40.0
Testing Set C
45

CONFUSION TABLE
True class 	0 	1 	2 	3 	4 	5 	6 	7 	8 	9 	ErrorTypeI
0 		96.0 		3.0 				1.0 				4.0 

1 			99.0 		1.0 							1.0 

2 		7.0 		88.0 			1.0 	4.0 				12.0 

3 					92.0 	5.0 	1.0 			2.0 		8.0 

4 						100.0 						0.0 

5 						9.0 	91.0 					9.0 

6 		1.0 						99.0 				1.0 

7 		3.0 							97.0 			3.0 

8 					2.0 	4.0 				94.0 		6.0 

9 										1.0 	99.0 	1.0 

ErrorTypeII 11.0 	0.0 	3.0 	3.0 	18.0 	2.0 	5.0 	0.0 	3.0 	0.0 	45.0

Testing Set D
36
CONFUSION TABLE
True class 	0 	1 	2 	3 	4 	5 	6 	7 	8 	9 	ErrorTypeI
0 		97.0 		1.0 				1.0 	1.0 			3.0 

1 			99.0 			1.0 						1.0 

2 		12.0 		86.0 			1.0 	1.0 				14.0 

3 					95.0 	4.0 	1.0 					5.0 

4 						100.0 						0.0 

5 						5.0 	95.0 					5.0 

6 		2.0 						98.0 				2.0 

7 		1.0 							99.0 			1.0 

8 			1.0 			4.0 				95.0 		5.0 

9 											100.0 	0.0 

Error		15.0	1.0	1.0	0.0	14.0	2.0	2.0	1.0	0.0	0.0	36.0

Pixel1NNL2:
Testing Set A
0
CONFUSION TABLE
True class 	0 	1 	2 	3 	4 	5 	6 	7 	8 	9 	ErrorTypeI
0 		100.0 										0.0 

1 			100.0 									0.0 

2 				100.0 								0.0 

3 					100.0 							0.0 

4 						100.0 						0.0 

5 							100.0 					0.0 

6 								100.0 				0.0 

7 									100.0 			0.0 

8 										100.0 		0.0 

9 											100.0 	0.0 

ErrorTypeII 0.0 	0.0 	0.0 	0.0 	0.0 	0.0 	0.0 	0.0 	0.0 	0.0 	0.0
Testing Set B
11

CONFUSION TABLE
True class 	0 	1 	2 	3 	4 	5 	6 	7 	8 	9 	ErrorTypeI
0 		97.0 							3.0 			3.0 

1 			99.0 			1.0 						1.0 

2 				99.0 				1.0 				1.0 

3 					100.0 							0.0 

4 						97.0 	3.0 					3.0 

5 						1.0 	99.0 					1.0 

6 				1.0 				99.0 				1.0 

7 									100.0 			0.0 

8 					1.0 					99.0 		1.0 

9 											100.0 	0.0 

ErrorTypeII 0.0 	0.0 	1.0 	1.0 	2.0 	3.0 	1.0 	3.0 	0.0 	0.0 	11.0

Testing Set C
18
CONFUSION TABLE
True class 	0 	1 	2 	3 	4 	5 	6 	7 	8 	9 	ErrorTypeI
0 		97.0 			1.0 				2.0 			3.0 

1 			100.0 									0.0 

2 				100.0 								0.0 

3 					99.0 	1.0 						1.0 

4 						99.0 	1.0 					1.0 

5 						8.0 	92.0 					8.0 

6 								100.0 				0.0 

7 		1.0 							99.0 			1.0 

8 			2.0 		1.0 	1.0 				96.0 		4.0 

9 											100.0 	0.0 

ErrorTypeII 1.0 	2.0 	0.0 	2.0 	10.0 	1.0 	0.0 	2.0 	0.0 	0.0 	18.0

Testing Set D
17
CONFUSION TABLE
True class 	0 	1 	2 	3 	4 	5 	6 	7 	8 	9 	ErrorTypeI
0 		100.0 										0.0 

1 			100.0 									0.0 

2 				98.0 				2.0 				2.0 

3 			1.0 		98.0 	1.0 						2.0 

4 						98.0 	2.0 					2.0 

5 						8.0 	92.0 					8.0 

6 								100.0 				0.0 

7 									100.0 			0.0 

8 			3.0 							97.0 		3.0 

9 											100.0 	0.0 

ErrorTypeII 0.0 	4.0 	0.0 	0.0 	9.0 	2.0 	2.0 	0.0 	0.0 	0.0 	17.0


Pixel5NNL2


PixelMinDistance
Testing Set A
42
CONFUSION TABLE
True class 	0 	1 	2 	3 	4 	5 	6 	7 	8 	9 	ErrorTypeI
0 		97.0 			1.0 				2.0 			3.0 

1 			100.0 									0.0 

2 				96.0 				3.0 		1.0 		4.0 

3 					100.0 							0.0 

4 						90.0 	10.0 					10.0 

5 						13.0 	87.0 					13.0 

6 				8.0 				92.0 				8.0 

7 		3.0 							97.0 			3.0 

8 										100.0 		0.0 

9 						1.0 					99.0 	1.0 

ErrorTypeII 3.0 	0.0 	8.0 	1.0 	14.0 	10.0 	3.0 	2.0 	1.0 	0.0 	42.0

Testing Set B
39
CONFUSION TABLE
True class 	0 	1 	2 	3 	4 	5 	6 	7 	8 	9 	ErrorTypeI
0 		94.0 			2.0 				4.0 			6.0 

1 			99.0 			1.0 						1.0 

2 		2.0 		95.0 				2.0 		1.0 		5.0 

3 					100.0 							0.0 

4 						96.0 	4.0 					4.0 

5 						5.0 	95.0 					5.0 

6 				14.0 				86.0 				14.0 

7 		1.0 							99.0 			1.0 

8 				1.0 	1.0 					98.0 		2.0 

9 						1.0 					99.0 	1.0 

ErrorTypeII 3.0 	0.0 	15.0 	3.0 	7.0 	4.0 	2.0 	4.0 	1.0 	0.0 	39.0

Testing Set C
56
CONFUSION TABLE
True class 	0 	1 	2 	3 	4 	5 	6 	7 	8 	9 	ErrorTypeI
0 		91.0 			4.0 				5.0 			9.0 

1 			100.0 									0.0 

2 				99.0 				1.0 				1.0 

3 					97.0 	2.0 				1.0 		3.0 

4 						88.0 	12.0 					12.0 

5 						19.0 	81.0 					19.0 

6 				4.0 				96.0 				4.0 

7 		4.0 							96.0 			4.0 

8 			1.0 	1.0 	1.0 	1.0 				96.0 		4.0 

9 											100.0 	0.0 

ErrorTypeII 4.0 	1.0 	5.0 	5.0 	22.0 	12.0 	1.0 	5.0 	1.0 	0.0 	56.0

Testing Set D
44
CONFUSION TABLE
True class 	0 	1 	2 	3 	4 	5 	6 	7 	8 	9 	ErrorTypeI
0 		98.0 							2.0 			2.0 

1 			100.0 									0.0 

2 		1.0 		93.0 	1.0 			5.0 				7.0 

3 					98.0 	1.0 				1.0 		2.0 

4 						92.0 	8.0 					8.0 

5 						14.0 	86.0 					14.0 

6 				7.0 				92.0 		1.0 		8.0 

7 		1.0 							99.0 			1.0 

8 			2.0 							98.0 		2.0 

9 											100.0 	0.0 

ErrorTypeII 2.0 	2.0 	7.0 	1.0 	15.0 	8.0 	5.0 	2.0 	2.0 	0.0 	44.0


PixelIndependent
Testing Set A
30
CONFUSION TABLE
True class 	0 	1 	2 	3 	4 	5 	6 	7 	8 	9 	ErrorTypeI
0 		99.0 							1.0 			1.0 

1 			100.0 									0.0 

2 				98.0 				2.0 				2.0 

3 					100.0 							0.0 

4 						92.0 	8.0 					8.0 

5 						9.0 	91.0 					9.0 

6 				7.0 				92.0 		1.0 		8.0 

7 		2.0 							98.0 			2.0 

8 										100.0 		0.0 

9 											100.0 	0.0 

ErrorTypeII 2.0 	0.0 	7.0 	0.0 	9.0 	8.0 	2.0 	1.0 	1.0 	0.0 	30.0

Testing Set B
35
CONFUSION TABLE
True class 	0 	1 	2 	3 	4 	5 	6 	7 	8 	9 	ErrorTypeI
0 		93.0 			2.0 				5.0 			7.0 

1 			99.0 			1.0 						1.0 

2 		1.0 		96.0 				2.0 		1.0 		4.0 

3 					100.0 							0.0 

4 						97.0 	3.0 					3.0 

5 						4.0 	96.0 					4.0 

6 				13.0 				87.0 				13.0 

7 									100.0 			0.0 

8 				1.0 	1.0 					98.0 		2.0 

9 						1.0 					99.0 	1.0 

ErrorTypeII 1.0 	0.0 	14.0 	3.0 	6.0 	3.0 	2.0 	5.0 	1.0 	0.0 	35.0

Testing Set C
17
CONFUSION TABLE
True class 	0 	1 	2 	3 	4 	5 	6 	7 	8 	9 	ErrorTypeI
0 		99.0 							1.0 			1.0 

1 			100.0 									0.0 

2 				100.0 								0.0 

3 					99.0 	1.0 						1.0 

4 						97.0 	3.0 					3.0 

5 						6.0 	94.0 					6.0 

6 				5.0 				95.0 				5.0 

7 									100.0 			0.0 

8 						1.0 				99.0 		1.0 

9 											100.0 	0.0 

ErrorTypeII 0.0 	0.0 	5.0 	0.0 	8.0 	3.0 	0.0 	1.0 	0.0 	0.0 	17.0

Testing Set D
13
CONFUSION TABLE
True class 	0 	1 	2 	3 	4 	5 	6 	7 	8 	9 	ErrorTypeI
0 		100.0 										0.0 

1 			100.0 									0.0 

2 				98.0 				2.0 				2.0 

3 					99.0 	1.0 						1.0 

4 						100.0 						0.0 

5 						5.0 	95.0 					5.0 

6 				5.0 				95.0 				5.0 

7 									100.0 			0.0 

8 										100.0 		0.0 

9 											100.0 	0.0 

ErrorTypeII 0.0 	0.0 	5.0 	0.0 	6.0 	0.0 	2.0 	0.0 	0.0 	0.0 	13.0

Moment1NNL2:
Testing set A
0
CONFUSION TABLE
True class 	0 	1 	2 	3 	4 	5 	6 	7 	8 	9 	ErrorTypeI
0 		100.0 										0.0 

1 			100.0 									0.0 

2 				100.0 								0.0 

3 					100.0 							0.0 

4 						100.0 						0.0 

5 							100.0 					0.0 

6 								100.0 				0.0 

7 									100.0 			0.0 

8 										100.0 		0.0 

9 											100.0 	0.0 

ErrorTypeII 0.0 	0.0 	0.0 	0.0 	0.0 	0.0 	0.0 	0.0 	0.0 	0.0 	0.0

Testing set B
92
CONFUSION TABLE
True class 	0 	1 	2 	3 	4 	5 	6 	7 	8 	9 	ErrorTypeI
0 		79.0 		8.0 			1.0 	5.0 	7.0 			21.0 

1 			99.0 			1.0 						1.0 

2 		18.0 		78.0 				4.0 				22.0 

3 		1.0 			89.0 	2.0 	1.0 		6.0 	1.0 		11.0 

4 						93.0 	7.0 					7.0 

5 						4.0 	96.0 					4.0 

6 		5.0 		7.0 				85.0 	3.0 			15.0 

7 		2.0 			3.0 			2.0 	93.0 			7.0 

8 			2.0 					1.0 		96.0 	1.0 	4.0 

9 											100.0 	0.0 

ErrorTypeII 26.0 	2.0 	15.0 	3.0 	7.0 	9.0 	12.0 	16.0 	1.0 	1.0 	92.0

Testing set C
111
CONFUSION TABLE
True class 	0 	1 	2 	3 	4 	5 	6 	7 	8 	9 	ErrorTypeI
0 		73.0 		19.0 				2.0 	5.0 		1.0 	27.0 

1 			98.0 		1.0 					1.0 		2.0 

2 		17.0 		79.0 				4.0 				21.0 

3 		1.0 	1.0 		81.0 	1.0 	4.0 	2.0 	7.0 	3.0 		19.0 

4 						94.0 	6.0 					6.0 

5 						6.0 	94.0 					6.0 

6 		4.0 		2.0 	2.0 			90.0 	2.0 			10.0 

7 		3.0 		1.0 	6.0 	1.0 		1.0 	88.0 			12.0 

8 			1.0 		1.0 	1.0 				94.0 	3.0 	6.0 

9 								1.0 		1.0 	98.0 	2.0 

ErrorTypeII 25.0 	2.0 	22.0 	10.0 	9.0 	10.0 	10.0 	14.0 	5.0 	4.0 	111.0

Testing set D
102
CONFUSION TABLE
True class 	0 	1 	2 	3 	4 	5 	6 	7 	8 	9 	ErrorTypeI
0 		73.0 		15.0 				4.0 	8.0 			27.0 

1 			98.0 							2.0 		2.0 

2 		20.0 		79.0 				1.0 				21.0 

3 			2.0 		85.0 	1.0 		2.0 	9.0 	1.0 		15.0 

4 						96.0 	4.0 					4.0 

5 						2.0 	98.0 					2.0 

6 		3.0 			1.0 			92.0 	4.0 			8.0 

7 		3.0 		2.0 	5.0 			3.0 	87.0 			13.0 

8 			7.0 		3.0 					90.0 		10.0 

9 											100.0 	0.0 

ErrorTypeII 26.0 	9.0 	17.0 	9.0 	3.0 	4.0 	10.0 	21.0 	3.0 	0.0 	102.0
Average error:
101

Moment5NNL2:
CONFUSION TABLE
True class 	0 	1 	2 	3 	4 	5 	6 	7 	8 	9 	ErrorTypeI
0 		89.0 		6.0 			1.0 	1.0 	3.0 			11.0 

1 			100.0 									0.0 

2 		15.0 		84.0 				1.0 				16.0 

3 		1.0 	1.0 		89.0 	2.0 	1.0 	3.0 	3.0 			11.0 

4 						99.0 	1.0 					1.0 

5 						4.0 	96.0 					4.0 

6 		2.0 		1.0 				96.0 	1.0 			4.0 

7 		1.0 			1.0 		1.0 	2.0 	95.0 			5.0 

8 		1.0 	1.0 		1.0 					96.0 	1.0 	4.0 

9 						1.0 					99.0 	1.0 

ErrorTypeII 20.0 	2.0 	7.0 	2.0 	7.0 	4.0 	7.0 	7.0 	0.0 	1.0 	57.0
CONFUSION TABLE
True class 	0 	1 	2 	3 	4 	5 	6 	7 	8 	9 	ErrorTypeI
0 		79.0 		8.0 			1.0 	4.0 	8.0 			21.0 

1 			99.0 			1.0 						1.0 

2 		15.0 		82.0 				3.0 				18.0 

3 		1.0 			88.0 	2.0 	1.0 		7.0 	1.0 		12.0 

4 						98.0 	2.0 					2.0 

5 						1.0 	99.0 					1.0 

6 		3.0 		3.0 			1.0 	90.0 	3.0 			10.0 

7 		1.0 			5.0 			4.0 	90.0 			10.0 

8 			2.0 					2.0 		94.0 	2.0 	6.0 

9 						1.0 					99.0 	1.0 

ErrorTypeII 20.0 	2.0 	11.0 	5.0 	5.0 	5.0 	13.0 	18.0 	1.0 	2.0 	82.0
CONFUSION TABLE
True class 	0 	1 	2 	3 	4 	5 	6 	7 	8 	9 	ErrorTypeI
0 		75.0 		16.0 				1.0 	8.0 			25.0 

1 			99.0 		1.0 							1.0 

2 		16.0 		79.0 		1.0 		4.0 				21.0 

3 		1.0 	1.0 		77.0 	3.0 	3.0 	3.0 	8.0 	4.0 		23.0 

4 						98.0 	2.0 					2.0 

5 						5.0 	95.0 					5.0 

6 		4.0 						92.0 	4.0 			8.0 

7 		7.0 			1.0 	1.0 		3.0 	88.0 			12.0 

8 			2.0 		1.0 	1.0 				91.0 	5.0 	9.0 

9 		1.0 						1.0 			98.0 	2.0 

ErrorTypeII 29.0 	3.0 	16.0 	3.0 	11.0 	5.0 	12.0 	20.0 	4.0 	5.0 	108.0
CONFUSION TABLE
True class 	0 	1 	2 	3 	4 	5 	6 	7 	8 	9 	ErrorTypeI
0 		81.0 		6.0 		1.0 		4.0 	8.0 			19.0 

1 			98.0 							2.0 		2.0 

2 		16.0 		83.0 				1.0 				17.0 

3 		1.0 	1.0 		82.0 	1.0 	1.0 	1.0 	11.0 	2.0 		18.0 

4 						99.0 	1.0 					1.0 

5 						2.0 	98.0 					2.0 

6 		2.0 				3.0 		91.0 	4.0 			9.0 

7 		4.0 		1.0 	5.0 			3.0 	87.0 			13.0 

8 			3.0 		1.0 			1.0 		93.0 	2.0 	7.0 

9 											100.0 	0.0 

ErrorTypeII 23.0 	4.0 	7.0 	6.0 	7.0 	2.0 	10.0 	23.0 	4.0 	2.0 	88.0
Testing set A
57
Testing set B
82
Testing set C
108
Testing set D
88

Pixel5NNL2:
CONFUSION TABLE
True class 	0 	1 	2 	3 	4 	5 	6 	7 	8 	9 	ErrorTypeI
0 		99.0 							1.0 			1.0 

1 			100.0 									0.0 

2 				100.0 								0.0 

3 					100.0 							0.0 

4 						98.0 	2.0 					2.0 

5 						4.0 	96.0 					4.0 

6 								100.0 				0.0 

7 		1.0 							99.0 			1.0 

8 										100.0 		0.0 

9 											100.0 	0.0 

ErrorTypeII 1.0 	0.0 	0.0 	0.0 	4.0 	2.0 	0.0 	1.0 	0.0 	0.0 	8.0
CONFUSION TABLE
True class 	0 	1 	2 	3 	4 	5 	6 	7 	8 	9 	ErrorTypeI
0 		99.0 			1.0 							1.0 

1 			99.0 			1.0 						1.0 

2 				98.0 				2.0 				2.0 

3 					99.0 	1.0 						1.0 

4 						100.0 						0.0 

5 						1.0 	99.0 					1.0 

6 								100.0 				0.0 

7 									100.0 			0.0 

8 			1.0 		1.0 					98.0 		2.0 

9 						1.0 					99.0 	1.0 

ErrorTypeII 0.0 	1.0 	0.0 	2.0 	4.0 	0.0 	2.0 	0.0 	0.0 	0.0 	9.0
CONFUSION TABLE
True class 	0 	1 	2 	3 	4 	5 	6 	7 	8 	9 	ErrorTypeI
0 		98.0 			1.0 				1.0 			2.0 

1 			100.0 									0.0 

2 				99.0 				1.0 				1.0 

3 					96.0 	2.0 				2.0 		4.0 

4 						97.0 	3.0 					3.0 

5 						8.0 	92.0 					8.0 

6 								100.0 				0.0 

7 		1.0 							99.0 			1.0 

8 			1.0 			1.0 				98.0 		2.0 

9 											100.0 	0.0 

ErrorTypeII 1.0 	1.0 	0.0 	1.0 	11.0 	3.0 	1.0 	1.0 	2.0 	0.0 	21.0
CONFUSION TABLE
True class 	0 	1 	2 	3 	4 	5 	6 	7 	8 	9 	ErrorTypeI
0 		100.0 										0.0 

1 			100.0 									0.0 

2 				97.0 				3.0 				3.0 

3 					97.0 	1.0 				2.0 		3.0 

4 						98.0 	2.0 					2.0 

5 						8.0 	92.0 					8.0 

6 								100.0 				0.0 

7 									100.0 			0.0 

8 			1.0 							99.0 		1.0 

9 											100.0 	0.0 

ErrorTypeII 0.0 	1.0 	0.0 	0.0 	9.0 	2.0 	3.0 	0.0 	2.0 	0.0 	17.0
Testing set A
8
Testing set B
9
Testing set C
21
Testing set D
17
