Moment1NNL2:
Testing set A
0
CONFUSION TABLE
True class 	0 	1 	2 	3 	4 	5 	6 	7 	8 	9 	ErrorTypeI
0 		100.0 										0.0 

1 			100.0 									0.0 

2 				100.0 								0.0 

3 					100.0 							0.0 

4 						100.0 						0.0 

5 							100.0 					0.0 

6 								100.0 				0.0 

7 									100.0 			0.0 

8 										100.0 		0.0 

9 											100.0 	0.0 

ErrorTypeII 0.0 	0.0 	0.0 	0.0 	0.0 	0.0 	0.0 	0.0 	0.0 	0.0 	0.0
Testing set B
92
CONFUSION TABLE
True class 	0 	1 	2 	3 	4 	5 	6 	7 	8 	9 	ErrorTypeI
0 		79.0 		8.0 			1.0 	5.0 	7.0 			21.0 

1 			99.0 			1.0 						1.0 

2 		18.0 		78.0 				4.0 				22.0 

3 		1.0 			89.0 	2.0 	1.0 		6.0 	1.0 		11.0 

4 						93.0 	7.0 					7.0 

5 						4.0 	96.0 					4.0 

6 		5.0 		7.0 				85.0 	3.0 			15.0 

7 		2.0 			3.0 			2.0 	93.0 			7.0 

8 			2.0 					1.0 		96.0 	1.0 	4.0 

9 											100.0 	0.0 

ErrorTypeII 26.0 	2.0 	15.0 	3.0 	7.0 	9.0 	12.0 	16.0 	1.0 	1.0 	92.0
Testing set C
111
CONFUSION TABLE
True class 	0 	1 	2 	3 	4 	5 	6 	7 	8 	9 	ErrorTypeI
0 		73.0 		19.0 				2.0 	5.0 		1.0 	27.0 

1 			98.0 		1.0 					1.0 		2.0 

2 		17.0 		79.0 				4.0 				21.0 

3 		1.0 	1.0 		81.0 	1.0 	4.0 	2.0 	7.0 	3.0 		19.0 

4 						94.0 	6.0 					6.0 

5 						6.0 	94.0 					6.0 

6 		4.0 		2.0 	2.0 			90.0 	2.0 			10.0 

7 		3.0 		1.0 	6.0 	1.0 		1.0 	88.0 			12.0 

8 			1.0 		1.0 	1.0 				94.0 	3.0 	6.0 

9 								1.0 		1.0 	98.0 	2.0 

ErrorTypeII 25.0 	2.0 	22.0 	10.0 	9.0 	10.0 	10.0 	14.0 	5.0 	4.0 	111.0
Testing set D
102
CONFUSION TABLE
True class 	0 	1 	2 	3 	4 	5 	6 	7 	8 	9 	ErrorTypeI
0 		73.0 		15.0 				4.0 	8.0 			27.0 

1 			98.0 							2.0 		2.0 

2 		20.0 		79.0 				1.0 				21.0 

3 			2.0 		85.0 	1.0 		2.0 	9.0 	1.0 		15.0 

4 						96.0 	4.0 					4.0 

5 						2.0 	98.0 					2.0 

6 		3.0 			1.0 			92.0 	4.0 			8.0 

7 		3.0 		2.0 	5.0 			3.0 	87.0 			13.0 

8 			7.0 		3.0 					90.0 		10.0 

9 											100.0 	0.0 

ErrorTypeII 26.0 	9.0 	17.0 	9.0 	3.0 	4.0 	10.0 	21.0 	3.0 	0.0 	102.0
Average error:
101

Moment5NNL2:
Testing set A
0
CONFUSION TABLE
True class 	0 	1 	2 	3 	4 	5 	6 	7 	8 	9 	ErrorTypeI
0 		100.0 										0.0 

1 			100.0 									0.0 

2 				100.0 								0.0 

3 					100.0 							0.0 

4 						100.0 						0.0 

5 							100.0 					0.0 

6 								100.0 				0.0 

7 									100.0 			0.0 

8 										100.0 		0.0 

9 											100.0 	0.0 

ErrorTypeII 0.0 	0.0 	0.0 	0.0 	0.0 	0.0 	0.0 	0.0 	0.0 	0.0 	0.0
Testing set B
92
CONFUSION TABLE
True class 	0 	1 	2 	3 	4 	5 	6 	7 	8 	9 	ErrorTypeI
0 		79.0 		8.0 			1.0 	5.0 	7.0 			21.0 

1 			99.0 			1.0 						1.0 

2 		18.0 		78.0 				4.0 				22.0 

3 		1.0 			89.0 	2.0 	1.0 		6.0 	1.0 		11.0 

4 						93.0 	7.0 					7.0 

5 						4.0 	96.0 					4.0 

6 		5.0 		7.0 				85.0 	3.0 			15.0 

7 		2.0 			3.0 			2.0 	93.0 			7.0 

8 			2.0 					1.0 		96.0 	1.0 	4.0 

9 											100.0 	0.0 

ErrorTypeII 26.0 	2.0 	15.0 	3.0 	7.0 	9.0 	12.0 	16.0 	1.0 	1.0 	92.0
Testing set C
93
CONFUSION TABLE
True class 	0 	1 	2 	3 	4 	5 	6 	7 	8 	9 	ErrorTypeI
0 		76.0 		11.0 			1.0 	8.0 	4.0 			24.0 

1 			99.0 			1.0 						1.0 

2 		18.0 		78.0 				4.0 				22.0 

3 			1.0 		91.0 	2.0 	1.0 	1.0 	4.0 			9.0 

4 						95.0 	5.0 					5.0 

5 						4.0 	96.0 					4.0 

6 		5.0 		5.0 	1.0 			84.0 	5.0 			16.0 

7 		2.0 			4.0 			3.0 	91.0 			9.0 

8 			1.0 					2.0 		97.0 		3.0 

9 											100.0 	0.0 

ErrorTypeII 25.0 	2.0 	16.0 	5.0 	7.0 	7.0 	18.0 	13.0 	0.0 	0.0 	93.0
Testing set D
93
CONFUSION TABLE
True class 	0 	1 	2 	3 	4 	5 	6 	7 	8 	9 	ErrorTypeI
0 		76.0 		11.0 			1.0 	8.0 	4.0 			24.0 

1 			99.0 			1.0 						1.0 

2 		18.0 		78.0 				4.0 				22.0 

3 			1.0 		91.0 	2.0 	1.0 	1.0 	4.0 			9.0 

4 						95.0 	5.0 					5.0 

5 						4.0 	96.0 					4.0 

6 		5.0 		5.0 	1.0 			84.0 	5.0 			16.0 

7 		2.0 			4.0 			3.0 	91.0 			9.0 

8 			1.0 					2.0 		97.0 		3.0 

9 											100.0 	0.0 

ErrorTypeII 25.0 	2.0 	16.0 	5.0 	7.0 	7.0 	18.0 	13.0 	0.0 	0.0 	93.0
Average error:
92
