Pixel5NNL2
Testing set A
0
CONFUSION TABLE
True class 	0 	1 	2 	3 	4 	5 	6 	7 	8 	9 	ErrorTypeI
0 		100.0 										0.0 

1 			100.0 									0.0 

2 				100.0 								0.0 

3 					100.0 							0.0 

4 						100.0 						0.0 

5 							100.0 					0.0 

6 								100.0 				0.0 

7 									100.0 			0.0 

8 										100.0 		0.0 

9 											100.0 	0.0 

ErrorTypeII 0.0 	0.0 	0.0 	0.0 	0.0 	0.0 	0.0 	0.0 	0.0 	0.0 	0.0
Testing set B
11
CONFUSION TABLE
True class 	0 	1 	2 	3 	4 	5 	6 	7 	8 	9 	ErrorTypeI
0 		98.0 							2.0 			2.0 

1 			99.0 			1.0 						1.0 

2 				99.0 				1.0 				1.0 

3 					100.0 							0.0 

4 						97.0 	3.0 					3.0 

5 						2.0 	98.0 					2.0 

6 				1.0 				99.0 				1.0 

7 									100.0 			0.0 

8 					1.0 					99.0 		1.0 

9 											100.0 	0.0 

ErrorTypeII 0.0 	0.0 	1.0 	1.0 	3.0 	3.0 	1.0 	2.0 	0.0 	0.0 	11.0
Testing set C
18
CONFUSION TABLE
True class 	0 	1 	2 	3 	4 	5 	6 	7 	8 	9 	ErrorTypeI
0 		97.0 			1.0 				2.0 			3.0 

1 			100.0 									0.0 

2 				100.0 								0.0 

3 					98.0 	1.0 				1.0 		2.0 

4 						99.0 	1.0 					1.0 

5 						8.0 	92.0 					8.0 

6 								100.0 				0.0 

7 									100.0 			0.0 

8 			2.0 		1.0 	1.0 				96.0 		4.0 

9 											100.0 	0.0 

ErrorTypeII 0.0 	2.0 	0.0 	2.0 	10.0 	1.0 	0.0 	2.0 	1.0 	0.0 	18.0
Testing set D
18
CONFUSION TABLE
True class 	0 	1 	2 	3 	4 	5 	6 	7 	8 	9 	ErrorTypeI
0 		100.0 										0.0 

1 			100.0 									0.0 

2 				98.0 				2.0 				2.0 

3 			1.0 		98.0 	1.0 						2.0 

4 						97.0 	3.0 					3.0 

5 						8.0 	92.0 					8.0 

6 								100.0 				0.0 

7 									100.0 			0.0 

8 			3.0 							97.0 		3.0 

9 											100.0 	0.0 

ErrorTypeII 0.0 	4.0 	0.0 	0.0 	9.0 	3.0 	2.0 	0.0 	0.0 	0.0 	18.0
PixelMinDistance
Testing Set A
42
CONFUSION TABLE
True class 	0 	1 	2 	3 	4 	5 	6 	7 	8 	9 	ErrorTypeI
0 		97.0 			1.0 				2.0 			3.0 

1 			100.0 									0.0 

2 				96.0 				3.0 		1.0 		4.0 

3 					100.0 							0.0 

4 						90.0 	10.0 					10.0 

5 						13.0 	87.0 					13.0 

6 				8.0 				92.0 				8.0 

7 		3.0 							97.0 			3.0 

8 										100.0 		0.0 

9 						1.0 					99.0 	1.0 

ErrorTypeII 3.0 	0.0 	8.0 	1.0 	14.0 	10.0 	3.0 	2.0 	1.0 	0.0 	42.0
Testing Set B
39
CONFUSION TABLE
True class 	0 	1 	2 	3 	4 	5 	6 	7 	8 	9 	ErrorTypeI
0 		94.0 			2.0 				4.0 			6.0 

1 			99.0 			1.0 						1.0 

2 		2.0 		95.0 				2.0 		1.0 		5.0 

3 					100.0 							0.0 

4 						96.0 	4.0 					4.0 

5 						5.0 	95.0 					5.0 

6 				14.0 				86.0 				14.0 

7 		1.0 							99.0 			1.0 

8 				1.0 	1.0 					98.0 		2.0 

9 						1.0 					99.0 	1.0 

ErrorTypeII 3.0 	0.0 	15.0 	3.0 	7.0 	4.0 	2.0 	4.0 	1.0 	0.0 	39.0
Testing Set C
56
CONFUSION TABLE
True class 	0 	1 	2 	3 	4 	5 	6 	7 	8 	9 	ErrorTypeI
0 		91.0 			4.0 				5.0 			9.0 

1 			100.0 									0.0 

2 				99.0 				1.0 				1.0 

3 					97.0 	2.0 				1.0 		3.0 

4 						88.0 	12.0 					12.0 

5 						19.0 	81.0 					19.0 

6 				4.0 				96.0 				4.0 

7 		4.0 							96.0 			4.0 

8 			1.0 	1.0 	1.0 	1.0 				96.0 		4.0 

9 											100.0 	0.0 

ErrorTypeII 4.0 	1.0 	5.0 	5.0 	22.0 	12.0 	1.0 	5.0 	1.0 	0.0 	56.0
Testing Set D
44
CONFUSION TABLE
True class 	0 	1 	2 	3 	4 	5 	6 	7 	8 	9 	ErrorTypeI
0 		98.0 							2.0 			2.0 

1 			100.0 									0.0 

2 		1.0 		93.0 	1.0 			5.0 				7.0 

3 					98.0 	1.0 				1.0 		2.0 

4 						92.0 	8.0 					8.0 

5 						14.0 	86.0 					14.0 

6 				7.0 				92.0 		1.0 		8.0 

7 		1.0 							99.0 			1.0 

8 			2.0 							98.0 		2.0 

9 											100.0 	0.0 

ErrorTypeII 2.0 	2.0 	7.0 	1.0 	15.0 	8.0 	5.0 	2.0 	2.0 	0.0 	44.0
