PixelIndependent
Testing Set A
30
CONFUSION TABLE
True class 	0 	1 	2 	3 	4 	5 	6 	7 	8 	9 	ErrorTypeI
0 		99.0 							1.0 			1.0 

1 			100.0 									0.0 

2 				98.0 				2.0 				2.0 

3 					100.0 							0.0 

4 						92.0 	8.0 					8.0 

5 						9.0 	91.0 					9.0 

6 				7.0 				92.0 		1.0 		8.0 

7 		2.0 							98.0 			2.0 

8 										100.0 		0.0 

9 											100.0 	0.0 

ErrorTypeII 2.0 	0.0 	7.0 	0.0 	9.0 	8.0 	2.0 	1.0 	1.0 	0.0 	30.0
Testing Set B
35
CONFUSION TABLE
True class 	0 	1 	2 	3 	4 	5 	6 	7 	8 	9 	ErrorTypeI
0 		93.0 			2.0 				5.0 			7.0 

1 			99.0 			1.0 						1.0 

2 		1.0 		96.0 				2.0 		1.0 		4.0 

3 					100.0 							0.0 

4 						97.0 	3.0 					3.0 

5 						4.0 	96.0 					4.0 

6 				13.0 				87.0 				13.0 

7 									100.0 			0.0 

8 				1.0 	1.0 					98.0 		2.0 

9 						1.0 					99.0 	1.0 

ErrorTypeII 1.0 	0.0 	14.0 	3.0 	6.0 	3.0 	2.0 	5.0 	1.0 	0.0 	35.0
Testing Set C
17
CONFUSION TABLE
True class 	0 	1 	2 	3 	4 	5 	6 	7 	8 	9 	ErrorTypeI
0 		99.0 							1.0 			1.0 

1 			100.0 									0.0 

2 				100.0 								0.0 

3 					99.0 	1.0 						1.0 

4 						97.0 	3.0 					3.0 

5 						6.0 	94.0 					6.0 

6 				5.0 				95.0 				5.0 

7 									100.0 			0.0 

8 						1.0 				99.0 		1.0 

9 											100.0 	0.0 

ErrorTypeII 0.0 	0.0 	5.0 	0.0 	8.0 	3.0 	0.0 	1.0 	0.0 	0.0 	17.0
Testing Set D
13
CONFUSION TABLE
True class 	0 	1 	2 	3 	4 	5 	6 	7 	8 	9 	ErrorTypeI
0 		100.0 										0.0 

1 			100.0 									0.0 

2 				98.0 				2.0 				2.0 

3 					99.0 	1.0 						1.0 

4 						100.0 						0.0 

5 						5.0 	95.0 					5.0 

6 				5.0 				95.0 				5.0 

7 									100.0 			0.0 

8 										100.0 		0.0 

9 											100.0 	0.0 

ErrorTypeII 0.0 	0.0 	5.0 	0.0 	6.0 	0.0 	2.0 	0.0 	0.0 	0.0 	13.0
