Pixel1NNL2:
Testing Set A
0
CONFUSION TABLE
True class 	0 	1 	2 	3 	4 	5 	6 	7 	8 	9 	ErrorTypeI
0 		100.0 										0.0 

1 			100.0 									0.0 

2 				100.0 								0.0 

3 					100.0 							0.0 

4 						100.0 						0.0 

5 							100.0 					0.0 

6 								100.0 				0.0 

7 									100.0 			0.0 

8 										100.0 		0.0 

9 											100.0 	0.0 

ErrorTypeII 0.0 	0.0 	0.0 	0.0 	0.0 	0.0 	0.0 	0.0 	0.0 	0.0 	0.0
Testing Set B
11
CONFUSION TABLE
True class 	0 	1 	2 	3 	4 	5 	6 	7 	8 	9 	ErrorTypeI
0 		97.0 							3.0 			3.0 

1 			99.0 			1.0 						1.0 

2 				99.0 				1.0 				1.0 

3 					100.0 							0.0 

4 						97.0 	3.0 					3.0 

5 						1.0 	99.0 					1.0 

6 				1.0 				99.0 				1.0 

7 									100.0 			0.0 

8 					1.0 					99.0 		1.0 

9 											100.0 	0.0 

ErrorTypeII 0.0 	0.0 	1.0 	1.0 	2.0 	3.0 	1.0 	3.0 	0.0 	0.0 	11.0
Testing Set C
18
CONFUSION TABLE
True class 	0 	1 	2 	3 	4 	5 	6 	7 	8 	9 	ErrorTypeI
0 		97.0 			1.0 				2.0 			3.0 

1 			100.0 									0.0 

2 				100.0 								0.0 

3 					99.0 	1.0 						1.0 

4 						99.0 	1.0 					1.0 

5 						8.0 	92.0 					8.0 

6 								100.0 				0.0 

7 		1.0 							99.0 			1.0 

8 			2.0 		1.0 	1.0 				96.0 		4.0 

9 											100.0 	0.0 

ErrorTypeII 1.0 	2.0 	0.0 	2.0 	10.0 	1.0 	0.0 	2.0 	0.0 	0.0 	18.0
Testing Set D
17
CONFUSION TABLE
True class 	0 	1 	2 	3 	4 	5 	6 	7 	8 	9 	ErrorTypeI
0 		100.0 										0.0 

1 			100.0 									0.0 

2 				98.0 				2.0 				2.0 

3 			1.0 		98.0 	1.0 						2.0 

4 						98.0 	2.0 					2.0 

5 						8.0 	92.0 					8.0 

6 								100.0 				0.0 

7 									100.0 			0.0 

8 			3.0 							97.0 		3.0 

9 											100.0 	0.0 

ErrorTypeII 0.0 	4.0 	0.0 	0.0 	9.0 	2.0 	2.0 	0.0 	0.0 	0.0 	17.0
