CONFUSION TABLE
True class 	0 	1 	2 	3 	4 	5 	6 	7 	8 	9 	ErrorTypeI
0 		89.0 		6.0 			1.0 	1.0 	3.0 			11.0 

1 			100.0 									0.0 

2 		15.0 		84.0 				1.0 				16.0 

3 		1.0 	1.0 		89.0 	2.0 	1.0 	3.0 	3.0 			11.0 

4 						99.0 	1.0 					1.0 

5 						4.0 	96.0 					4.0 

6 		2.0 		1.0 				96.0 	1.0 			4.0 

7 		1.0 			1.0 		1.0 	2.0 	95.0 			5.0 

8 		1.0 	1.0 		1.0 					96.0 	1.0 	4.0 

9 						1.0 					99.0 	1.0 

ErrorTypeII 20.0 	2.0 	7.0 	2.0 	7.0 	4.0 	7.0 	7.0 	0.0 	1.0 	57.0
CONFUSION TABLE
True class 	0 	1 	2 	3 	4 	5 	6 	7 	8 	9 	ErrorTypeI
0 		79.0 		8.0 			1.0 	4.0 	8.0 			21.0 

1 			99.0 			1.0 						1.0 

2 		15.0 		82.0 				3.0 				18.0 

3 		1.0 			88.0 	2.0 	1.0 		7.0 	1.0 		12.0 

4 						98.0 	2.0 					2.0 

5 						1.0 	99.0 					1.0 

6 		3.0 		3.0 			1.0 	90.0 	3.0 			10.0 

7 		1.0 			5.0 			4.0 	90.0 			10.0 

8 			2.0 					2.0 		94.0 	2.0 	6.0 

9 						1.0 					99.0 	1.0 

ErrorTypeII 20.0 	2.0 	11.0 	5.0 	5.0 	5.0 	13.0 	18.0 	1.0 	2.0 	82.0
CONFUSION TABLE
True class 	0 	1 	2 	3 	4 	5 	6 	7 	8 	9 	ErrorTypeI
0 		75.0 		16.0 				1.0 	8.0 			25.0 

1 			99.0 		1.0 							1.0 

2 		16.0 		79.0 		1.0 		4.0 				21.0 

3 		1.0 	1.0 		77.0 	3.0 	3.0 	3.0 	8.0 	4.0 		23.0 

4 						98.0 	2.0 					2.0 

5 						5.0 	95.0 					5.0 

6 		4.0 						92.0 	4.0 			8.0 

7 		7.0 			1.0 	1.0 		3.0 	88.0 			12.0 

8 			2.0 		1.0 	1.0 				91.0 	5.0 	9.0 

9 		1.0 						1.0 			98.0 	2.0 

ErrorTypeII 29.0 	3.0 	16.0 	3.0 	11.0 	5.0 	12.0 	20.0 	4.0 	5.0 	108.0
CONFUSION TABLE
True class 	0 	1 	2 	3 	4 	5 	6 	7 	8 	9 	ErrorTypeI
0 		81.0 		6.0 		1.0 		4.0 	8.0 			19.0 

1 			98.0 							2.0 		2.0 

2 		16.0 		83.0 				1.0 				17.0 

3 		1.0 	1.0 		82.0 	1.0 	1.0 	1.0 	11.0 	2.0 		18.0 

4 						99.0 	1.0 					1.0 

5 						2.0 	98.0 					2.0 

6 		2.0 				3.0 		91.0 	4.0 			9.0 

7 		4.0 		1.0 	5.0 			3.0 	87.0 			13.0 

8 			3.0 		1.0 			1.0 		93.0 	2.0 	7.0 

9 											100.0 	0.0 

ErrorTypeII 23.0 	4.0 	7.0 	6.0 	7.0 	2.0 	10.0 	23.0 	4.0 	2.0 	88.0
Testing set A
57
Testing set B
82
Testing set C
108
Testing set D
88
